procs -----------memory---------- ---swap-- -----io---- -system-- -------cpu-------
 r  b   swpd   free   buff  cache   si   so    bi    bo   in   cs us sy id wa st gu
 3  0      0 239832     28 2848612    0    0   505   482 1865   21 12  5 83  1  0  0
 2  0      0 216740     28 2848816    0    0     0    98 6453 12909 66  6 28  1  0  0
 2  0      0 215356     28 2849028    0    0     0   144 12794 27473 56  5 37  1  2  0
 4  0      0 224384     28 2849984    0    0   282   166 12487 27981 56  6 35  1  1  0
 6  1      0 251168     28 2850056    0    0     0    54 13603 27939 56  4 40  1  1  0
 3  0      0 237576     28 2851444    0    0   198   724 12070 28035 59  6 30  3  1  0
 2  0      0 237608     28 2852620    0    0     8   576 13358 29310 54  3 40  2  1  0
 2  0      0 249424     28 2852808    0    0     0    70 12310 27990 56  5 36  1  2  0
 3  0      0 248428     28 2853016    0    0     0   118 12701 29716 55  5 38  1  1  0
 3  0      0 257540     28 2853128    0    0     0    30 12741 28701 55  5 39  0  1  0
 2  0      0 264004     28 2853276    0    0     0   154 13162 29761 54  5 39  2  1  0
 2  0      0 264004     28 2853324    0    0     0    22 13653 29126 54  3 42  1  1  0
 3  0      0 257728     28 2853436    0    0     0   200 13048 28711 56  4 38  1  1  0
 2  0      0 276936     28 2853780    0    0     0   130 17306 38470 57  6 34  1  2  0
 5  0      0 267300     28 2854052    0    0    60   160 18900 39021 56  5 37  2  1  0
 2  0      0 249784     28 2854428    0    0    74   126 18312 40583 56  6 35  2  1  0
 2  0      0 249228     28 2858584    0    0  1670    60 19540 39038 54  3 40  1  3  0
 2  0      0 242656     28 2858840    0    0     8   796 17801 38063 57  6 34  1  1  0
 2  0      0 227884     28 2858988    0    0     0   110 17910 38496 54  5 36  1  3  0
 2  0      0 228008     28 2859112    0    0     0    78 17950 38870 58  5 35  1  1  0
 2  1      0 274040     28 2859372    0    0     0   160 18697 40439 56  5 36  2  1  0
procs -----------memory---------- ---swap-- -----io---- -system-- -------cpu-------
 r  b   swpd   free   buff  cache   si   so    bi    bo   in   cs us sy id wa st gu
 3  0      0 271604     28 2860636    0    0    16   858 18555 37308 51  3 39  1  6  0
 2  0      0 237436     28 2860772    0    0    20    30 15743 31845 60  7 30  0  2  0
 2  0      0 239748     28 2860816    0    0     0    12 19812 41089 55  4 41  0  0  0
 2  0      0 233680     28 2860832    0    0     0     6 19554 39514 56  4 39  0  1  0
 2  0      0 223080     28 2861132    0    0    12   158 18057 39358 58  7 35  1  0  0
 2  0      0 256224     28 2861320    0    0     2   170 18282 38914 58  6 34  2  1  0
 1  1      0 215028     28 2861876    0    0   172   338 15498 36203 60 10 26  3  1  0
 2  0      0 242300     28 2862220    0    0     0   250 17171 39474 58  8 32  1  1  0
 3  0      0 140392     28 2863952    0    0   604   558 12912 34380 61 12 24  2  1  0
 3  0      0 149308     28 2833080    0    0    14   530 2740 12495 75 10 13  1  2  0
 1  0      0 164100     28 2833464    0    0     8   186 2089 5513 68  3 27  1  1  0
 3  0      0 143144     28 2758608    0    0  2782   298 2961 6113 57 20 22  1  1  0
 3  0      0 158320     28 2705256    0    0    14   264 2591 4794 55 30 14  0  0  0
 3  0      0 156628     28 2703576    0    0  1438   450 2822 5701 59 26 14  1  0  0
 4  0      0 162620     28 2704152    0    0   148   106 2169 4784 52 27 20  0  1  0
 4  0      0 160936     28 2705284    0    0   176   678 2224 4575 52 26 20  1  1  0
 3  0      0 156672     28 2705744    0    0   250    98 2225 4910 61 20 18  1  1  0
 3  0      0 157128     28 2706348    0    0    62   160 2454 6468 57 25 16  0  1  0
 3  0      0 164892     28 2706600    0    0   180    44 2228 4590 54 25 19  0  1  0
 3  0      0 164652     28 2706772    0    0     0    66 2154 4328 62 16 20  0  1  0
 5  0      0 174068     28 2706400    0    0    40   256 2709 5692 66 16 17  0  1  0
procs -----------memory---------- ---swap-- -----io---- -system-- -------cpu-------
 r  b   swpd   free   buff  cache   si   so    bi    bo   in   cs us sy id wa st gu
 5  0      0 181628     28 2706548    0    0     0    66 2111 4624 62 17 19  0  1  0
 3  0      0 170480     28 2706216    0    0     0   212 2394 5251 64 17 18  0  0  0
 5  0      0 166796     28 2708328    0    0  2090   312 2387 5658 58 24 17  0  1  0
 4  0      0 183104     28 2708444    0    0     0    66 2078 5360 53 27 19  0  1  0
 4  0      0 179008     28 2708512    0    0     0    54 1989 4242 59 17 22  0  1  0
 3  0      0 178768     28 2708528    0    0     0   146 1970 4407 62 16 21  0  1  0
 3  0      0 178768     28 2708888    0    0   102    22 1970 5310 59 17 20  0  3  0
 6  0      0 167072     28 2708980    0    0     0    54 2098 4981 61 17 21  0  1  0
 5  0      0 161532     28 2710440    0    0  3598   274 2421 6528 62 20 17  0  1  0
 3  2      0 157604     28 2711468    0    0    88   752 2323 5064 62 17 20  0  0  0
 3  0      0 151976     28 2712028    0    0    20   252 2428 6433 66 18 15  0  1  0
 4  0      0 146872     28 2712176    0    0     0    66 2124 5426 63 17 20  0  1  0
 3  0      0 128356     28 2712664    0    0     0   224 2564 7285 64 19 15  0  1  0
 4  0      0 135968     28 2706732    0    0     0    22 2188 4702 66 17 16  0  1  0
 3  0      0 127972     28 2677112    0    0   298   160 3113 6203 64 17 16  0  2  0
 3  0      0 176836     28 2678264    0    0   524   220 2451 6118 57 25 16  0  1  0
 5  0      0 159900     28 2678860    0    0  1516   260 2780 7853 61 24 14  0  1  0
 3  0      0 178556     28 2680136    0    0   572   140 2273 6158 63 18 16  0  2  0
 3  0      0 178556     28 2680748    0    0   110    90 2179 5857 59 19 20  0  2  0
 3  0      0 190704     28 2680904    0    0     0   120 2146 4544 50 27 21  0  2  0
